625615
39172
934763
970218
734329
493629
437667
739642
464132
992063
92315
204285
89760
162110
308129
218641
572050
533627
822627
251212
678688
218870
226055
919990
561338
396471
536860
514024
64187
247482
904601
573206
626092
172498
550954
688463
765498
66634
278434
916219
471836
864939
338371
774418
480687
470920
142122
756941
556620
62838
550156
401961
30619
945243
843481
892666
403404
814515
816301
630747
734800
4043
353267
77680
661503
147821
267336
201513
80293
623318
43663
841016
60739
649013
921702
133291
218848
444378
883860
601292
487778
726594
273018
445761
650742
362062
580719
65563
780903
981444
521721
685711
477790
70768
847660
50898
26197
174465
678634
756329
489668
117618
917633
355988
401623
429703
230902
204052
720246
825187
951584
829859
353441
437858
78181
47519
41852
57988
822692
256862
946929
666826
68886
623923
645287
79851
119833
216052
926019
439552
878149
360841
81453
891900
647158
983027
297931
247655
574544
228318
802893
142977
893583
952324
972914
919854
321070
94940
791280
959512
149598
711797
269253
200377
621556
459352
344192
872384
842735
228138
734528
343409
197990
883330
429049
71372
604095
844665
110097
930666
993368
462315
752609
738461
650777
855261
520955
392223
366942
179283
456029
653553
300165
450791
754969
509374
157979
62598
418694
502715
192005
421231
669392
825226
909425
688383
499050
338020
49577
396497
40515
947304
626697
205009
811704
242451
775551
987373
82062
568116
383477
535228
47561
195056
504919
683963
774272
24627
906910
297298
610600
621624
324922
950980
973053
852252
279042
185464
679642
589739
418639
228183
101338
679987
184860
366624
817737
272360
927119
827034
50662
323648
262435
187072
30951
254959
813073
629459
997888
361385
292908
409920
828918
501438
111140
675343
334840
549836
662191
882891
115212
82787
601076
418295
203621
522748
83196
138129
429007
298038
475694
702105
166234
53195
97278
493051
939870
369714
753496
782668
612638
879296
131915
84459
183176
587885
46449
628113
777590
409797
497933
828691
908864
112950
888967
646491
56252
178673
404044
467542
337764
729131
810217
738687
274249
476550
899428
967001
49706
374363
650783
533082
104136
78015
769909
250601
693033
485795
432374
794144
31309
893833
651242
48452
214822
84163
581307
405901
464328
645850
862935
655847
482761
727841
915152
656985
563822
89984
366733
142707
116847
187164
175853
120845
422846
615924
308926
600728
488505
554980
942266
459420
242165
42249
283194
403285
319007
483976
865173
780133
811664
913054
825430
6681
432217
451387
485512
946885
142695
480541
405474
234543
875578
277910
756909
117340
864678
770594
109687
197191
721698
291447
411702
253005
684384
598251
520857
404339
501223
181883
299911
885934
733847
653403
483087
871839
172718
904751
836271
442542
428257
556588
865806
14050
392510
347237
69208
562074
124673
54706
836482
647861
581143
982631
63896
486206
846036
731937
484674
904816
346610
830347
280315
902652
821084
278649
845770
827438
270373
11755
130418
123715
37780
278933
230993
403451
354205
228040
698628
113846
413597
229175
644845
536747
717527
763512
809107
300527
743023
182565
703493
208701
565601
530777
482339
257693
763331
582816
533305
203872
280487
829099
41081
482614
453469
860095
87573
336138
745201
442225
496158
761851
431456
184334
862046
181294
714751
149868
391960
760243
465477
991891
15179
4512
305745
417180
89370
622196
150632
407137
10689
181018
155239
720620
372230
737723
114227
695717
25869
211685
407193
469206
635944
648826
362088
722059
310910
128322
302119
345405
218252
8351
89245
614134
811998
896535
321333
899984
437886
604071
577463
452079
838911
520403
325372
951429
374604
687910
398315
224710
497458
836620
993797
931102
596665
999299
722524
672277
653977
747122
930075
4645
224563
818664
185640
356330
482490
401114
22947
149218
118157
667808
50145
751935
183821
278018
743918
59119
582020
561681
895787
708453
838273
636443
471222
551759
21297
112002
453065
707953
680061
448229
439139
984836
884634
174628
100584
573051
464847
935889
170308
54992
69099
693186
342887
346281
663694
132660
580829
111160
38290
377447
46220
575352
61126
989541
295213
216321
196791
604689
527383
913621
806469
689720
599930
193431
944714
488260
166293
926330
461492
816677
439801
52987
748584
659159
221298
595737
167849
862127
465724
164559
768648
778820
753950
611951
670205
120494
727484
272354
564706
311807
823940
480153
277195
248278
380756
639477
31209
587982
853159
276783
414775
655660
475117
273463
704753
314350
179767
469222
452810
518735
28185
151111
351932
589251
374429
214694
161903
639706
328335
978305
849964
837544
695314
27858
990467
804215
32085
799532
503579
349173
933770
566422
979723
375093
348992
2633
257820
690154
388815
710375
220419
557632
903265
582469
711057
9829
843973
796353
170523
323840
419377
625691
676496
243355
795180
760797
857689
29701
204375
6856
5157
307766
73485
689359
423419
955759
830120
517254
456151
9784
72371
977318
674540
620459
326241
879265
185033
631246
732113
963049
742746
477914
865547
154739
537724
751269
545278
296039
663525
565507
883253
429697
796335
905937
144800
902748
93427
817396
492047
685718
866240
520265
485742
538985
38444
710146
451918
884813
23954
533934
910349
785696
116651
860912
602310
545889
862131
900879
189699
969875
202980
218178
860145
222962
658369
923848
798884
980455
958742
255925
220272
402587
754134
141745
547177
953101
119519
707229
497379
85767
387783
251566
508617
862451
498855
784834
842933
354786
1076
136093
636845
949548
387098
675666
836551
988278
930943
384578
488235
363046
520949
620341
914433
403131
141483
498342
830753
952316
497041
709616
719654
181493
629655
360416
857794
167351
728191
385225
427051
12709
395424
58730
216859
723967
504420
432769
36955
160006
68159
108915
236104
595865
899482
295286
993392
137422
972985
895507
320532
808552
831902
886831
859294
84144
116109
313492
779489
13316
150163
718044
317829
645595
767848
480610
233138
508747
616803
714501
388182
529762
611983
534494
683704
99817
358800
882477
942895
647268
185372
409709
14571
892136
367208
907812
682094
890338
426584
342672
370409
911095
203045
386879
302107
768605
717211
638404
844980
484478
984578
319335
984903
914768
848330
469156
530794
686862
202750
852171
412368
382236
381421
230717
722255
355666
544397
775496
700849
167404
447798
16715
731522
237614
416725
928606
937388
931185
680336
517147
516243
427133
482297
422000
539362
927455
354915
464202
495665
828413
565092
894120
767849
830538
68988
171387
814320
391957
433823
887410
936736
544523
367626
838768
318174
532395
12350
582743
910031
509191
579168
148806
759722
777972
168526
861905
867639
724776
471010
335519
160151
161604
101581
417633
649070
306493
495239
997211
171114
792537
198311
855324
19534
20183
387195
867137
397330
518814
7247
353334
249918
681766
852816
358272
830900
627732
577278
223641
164894
362306
475999
35790
137573
396964
177885
895553
352691
972296
713107
290504
931195
317223
641227
20263
654343
445889
944772
421805
584849
165260
710160
656863
23649
242721
971870
648592
731050
811648
709488
286624
774982
588607
80771
218564
152184
983354
270372
311657
676984
634786
82857
729667
20615
499792
216231
812652
69748
696605
196615
560124
35985
2571
869588
473804
609084
877336
243212
8102
696523
651413
546939
142070
586966
102664
871188
468470
689649
99595
884742
8126
550387
966923
679380
603718
126654
825877
72709
529425
785369
346133
263430
100220
130561
938611
126161
639822
9745
338421
854708
626395
368730
392630
678972
536504
331986
378762
154027
38860
953333
317174
891428
848600
371850
737144
469639
455156
251501
567180
5147
199254
102635
37726
990028
900076
881911
206704
226167
68632
630413
268244
819025
309532
626316
793736
959873
136780
85756
836315
493831
40781
707281
462777
299698
363660
2286
794268
301230
3690
57717
224780
218386
318067
696698
627045
283342
309344
714476
431414
506536
103723
741038
420263
941072
954689
653933
393239
961968
185378
356005
344247
888221
995905
519609
192994
29136
88575
920923
337270
911596
272877
365428
587160
844394
654012
193593
579295
298333
158311
867130
575157
135147
608516
845460
675543
436624
888584
173985
219907
939733
344733
934896
343125
469480
939254
505199
626225
123122
467786
987230
595815
702467
537172
155973
461634
903805
588300
834189
141276
975254
691714
180093
407679
962901
926069
462968
231664
143292
779334
689532
506438
577105
556976
664696
67200
46549
202301
575080
766151
540969
893929
890789
111441
560331
534791
53854
722378
915521
470474
983397
929563
841546
469324
246955
326331
9399
866663
749439
777354
392158
560896
838304
155245
342422
118774
754098
787394
328853
349485
843320
141298
636171
358512
690273
476086
372149
90154
935390
72736
554545
157918
605805
948985
62322
327717
297864
58588
16951
743748
556683
695547
151507
459570
487709
344512
421031
730575
492581
527973
425257
885762
999830
114196
67349
873014
625748
198718
996855
732639
920580
960665
760287
241187
943824
903702
957993
404388
497954
605983
760545
618956
890881
635423
155003
806769
633589
935154
296455
706139
507349
666211
114112
962597
377340
292662
601413
682527
139653
744329
652316
56815
233262
256908
706167
62810
689131
697150
590137
678366
187382
436870
43140
276184
478036
831552
186034
122862
67291
610644
690076
648547
801469
36813
551275
351035
830324
663120
439845
324941
692746
471132
523786
706769
409033
232475
308563
24709
546010
952837
815880
385403
700900
920133
733993
136357
208894
13568
300371
23520
681085
301174
505484
279879
195840
194684
430368
317884
786399
349172
779153
837789
247998
888217
299788
966515
789789
124870
212144
119593
614349
552395
704804
618379
140352
226795
559256
54679
256054
863207
305591
631764
802619
721365
971567
325197
482195
879005
840961
106039
427701
789799
865251
127507
906944
508736
830795
681918
764180
160606
125782
357593
851366
831742
764986
985097
323255
460341
155477
307994
802386
335372
586162
955397
743880
958355
867598
254220
711748
70373
196635
56672
969813
103348
805611
205104
153237
886439
807311
609730
173691
211220
551811
721165
839292
461679
738971
847068
672362
529014
760519
671244
932019
733256
909327
713591
839979
313776
335251
110146
800216
808863
104187
980815
939048
24215
615364
324370
889430
729605
189654
299268
18329
229906
591812
717495
756397
578273
478581
389812
902735
246809
327243
336412
840602
818277
628889
122442
818223
743046
849241
994470
412031
119663
342796
399006
743756
186033
582852
412977
873732
670196
473633
487602
351527
261991
70008
757113
787828
490813
10251
188299
131685
698698
879296
614307
465432
781555
996250
381143
493705
749256
184610
337538
547113
900454
643294
966334
235876
787827
887688
532116
917896
453674
643600
689468
558872
637041
415321
52147
178680
34219
254178
345940
865554
581807
764579
709280
845730
811269
221960
110321
587345
928964
493308
940959
978756
922872
489028
359526
252759
852568
643985
511415
721403
991825
93909
842429
571593
85944
859163
368908
210964
737150
124650
795407
31156
451480
828606
310244
851664
603549
723577
630162
741351
703980
108321
484664
919928
558095
909351
70023
284991
841404
687987
476644
962501
196337
190503
514674
705755
941451
188969
81923
885135
816808
199959
506225
293505
104455
479354
441325
146205
901919
182068
537490
535007
316840
630720
633941
51449
728984
380704
563668
273136
912725
326025
324950
302307
415429
120727
303462
137506
355237
820806
242031
840924
164918
844742
717058
58277
813808
994134
228011
734918
584712
511750
659609
384
907410
921908
879905
418133
898958
834119
125929
514680
716158
369536
161535
184729
19631
635039
352117
257417
731884
170010
813375
196577
115794
495614
811442
148559
489956
486411
733317
288565
15748
457672
70608
658492
592375
942265
253642
199259
474718
716522
507482
929488
968310
774818
236135
50060
118902
344679
217220
618145
346808
957820
170546
967594
727338
96809
227657
530727
1556
349041
451204
209901
818629
877791
194981
137777
754827
842006
669319
589112
7168
677672
333376
569354
866111
238077
517278
557271
286346
481810
161768
671552
253106
470172
235532
926260
810674
584929
210144
276850
587347
387251
287045
916373
925779
532325
286926
584337
981957
660293
644378
343674
126208
332020
817929
5679
845231
21301
524126
133012
16714
702514
891846
582347
229825
70563
490502
970556
178593
273506
873061
334673
686849
73617
525356
590535
178412
791631
900207
341006
292929
435274
436616
692409
289984
768819
676292
763864
115191
749654
122515
352364
335292
924540
798621
485931
459115
579959
657836
281749
822819
181368
728330
902348
993146
788669
858653
386880
65889
347166
576041
930339
465244
659129
540926
61374
726803
74479
705932
615628
473099
189711
45719
468581
721346
948523
257050
67236
94861
801785
964543
313418
202036
147208
809745
416464
699553
471402
666974
300972
615017
101914
619715
897079
666732
67056
470470
997699
548559
699036
209456
861616
570536
585687
103404
69233
873802
731094
158052
829747
869746
1327
190328
733552
436084
770824
134630
689585
687936
271149
322972
74324
305795
232992
384570
302420
593015
753166
605475
297006
288950
36485
756046
174156
659135
18043
436774
776317
938385
23676
838738
317978
320494
457477
510463
93915
307352
780474
331312
752345
270986
505214
630972
586814
285002
854282
339033
143397
641004
309069
311582
465385
737906
378812
177200
952999
746698
125636
312875
272570
140121
237631
621442
808976
915770
627180
626241
131428
664194
32944
38180
888832
708661
689231
600361
41344
793862
600478
60213
989369
257699
908240
175396
506014
141682
135654
444870
445689
175141
301855
679560
443481
773830
395658
536187
854954
184418
830849
939181
697324
367325
865868
175854
942646
682478
273474
104314
495794
940255
465162
438563
306535
662297
460336
915487
558771
725394
92869
833599
543575
783909
791892
760665
380248
438345
663311
391346
337189
403757
296934
498724
694498
1877
321433
525259
730110
200253
966019
85680
598922
987067
386255
680291
136079
120128
84493
236407
928326
860163
765868
401543
412434
22866
287670
473447
413374
93118
405324
785073
196928
427170
112007
271291
596484
925565
494183
343844
363274
741010
754549
577149
913246
564739
368697
438343
208895
175779
586998
425883
973683
288029
17159
876996
222055
134963
712138
511669
258224
662567
45699
314672
125780
699104
689467
17635
887106
389795
514303
366541
811426
52712
179938
140076
728758
784090
109863
677675
352951
468463
324686
978184
937296
662580
781968
649528
272030
444309
580693
639502
663306
736905
407346
752868
288497
667121
758503
528306
561990
215491
245094
37259
281104
666177
195626
484845
924664
500237
518489
373726
329430
883795
976429
158482
643270
356486
396220
962639
580502
729506
214547
714252
280742
769030
52745
46935
931947
754247
868193
967709
78318
759939
194421
127346
332390
215843
285951
178564
785023
105338
149720
221723
288935
952396
751312
761024
640307
402568
970793
486925
382102
622861
932612
125159
500452
935226
226360
724569
618477
439253
863892
51090
419648
243987
402881
850242
11042
335874
348722
235713
73741
166548
162891
172188
664656
340980
361407
266173
193689
229288
713057
632721
375944
821297
392282
95313
95223
314997
472542
470139
453403
853547
482203
183860
637519
284965
950886
632348
169446
490635
870421
478823
768083
584656
109553
193902
919959
487414
424552
104489
50038
68421
600115
797904
370376
770186
352516
862773
239025
941299
239848
761857
157084
657864
127736
178868
636036
686810
674608
503376
131047
307421
780663
180963
909879
584617
21610
301915
857221
319782
271009
846024
282295
158874
10037
265523
978420
188947
884493
681198
405155
98861
515051
447275
615803
293604
295808
38293
974942
723037
714358
715303
340376
346640
422701
560630
23179
666504
667198
909240
972472
803124
578576
942869
141680
512786
866238
181703
415592
871035
607062
404762
355235
880255
206997
966603
543773
887687
716837
172992
600933
133992
824834
105676
129621
799563
159901
483203
631757
16632
490692
339929
891360
905190
787304
996529
92297
270803
853360
169875
924471
25498
902647
682475
87621
971859
150316
258251
671625
212037
201298
737065
409927
950082
124062
652389
651962
806136
126914
176514
106180
756243
616924
822620
818590
861886
602895
803419
955019
630670
756456
535879
855348
310848
675244
347724
437152
60299
862221
58324
763311
708181
458386
117086
376621
478467
96075
460234
85520
798546
438799
198214
418914
873305
211687
207252
947485
248927
138780
4290
5399
635123
701163
245488
845056
735273
884014
183844
636575
803013
639108
698042
687830
548851
120951
240742
558580
881264
586658
727167
750928
712101
387117
963851
242570
711222
843183
291146
950915
600426
547867
475486
458486
35078
852242
237052
9052
657593
634384
373271
19640
794543
7735
382627
891674
330525
510099
457360
858063
468090
650236
264885
396692
250990
227834
67671
686139
365182
532921
781622
821860
418548
968883
788063
940634
80065
593134
726133
198466
272296
12596
741023
820517
587644
929756
347831
791777
498301
153590
415982
116236
977079
381053
945940
164219
965478
865177
816392
171978
785137
712547
832994
140701
968875
525181
528975
630463
599826
738948
737189
363066
753049
362946
959193
322082
177235
736684
654255
167704
892153
117660
342403
955685
449413
8356
328632
35658
298309
268945
271656
494145
163992
999921
194697
359513
830779
34325
875759
250570
543174
41205
582672
227804
194716
684978
325718
44459
111455
124931
291537
555610
983341
664674
389460
117104
448593
362379
294074
228908
434538
697833
841331
880339
313404
69101
775008
935688
601404
779791
427787
800587
685305
586174
651887
435942
907582
770667
254939
172064
280230
73269
237307
273340
421350
293292
41834
286860
630685
663024
377008
31163
457731
148552
105131
332194
336030
520257
935151
756906
527399
745368
465588
426267
210788
238594
129298
841488
430679
176378
174196
358221
769289
312650
537210
570649
198676
774647
615179
160590
677819
686542
745309
128134
410046
644043
27358
241631
862666
766997
410495
366362
123041
487313
933504
49470
888193
519827
421291
84307
898949
107933
536086
566428
441610
67232
344729
526166
778443
991701
925656
399446
102239
938061
409709
679820
165895
483336
652239
842580
70815
493041
514329
345595
963598
445611
223190
646947
685857
241171
106436
958816
831718
967845
389707
504746
66964
266160
946986
82708
973848
452087
421708
932302
714895
551534
31899
591147
530335
772146
48482
302104
573932
220008
326158
168886
248602
452712
747231
635597
832284
47314
994359
875169
11358
233450
104787
800515
624376
559470
18565
788051
769360
519875
933827
823035
320411
531999
418813
703346
935364
629918
248021
410596
221776
776079
548275
618447
671221
487116
599921
432357
897316
388432
694316
350292
354290
29652
777935
369740
338260
331561
40604
124921
951053
529584
908918
7035
995577
893964
313684
732101
621518
120488
168699
478612
214084
608716
38460
751515
946023
935637
481459
655679
452923
880499
506611
537759
498512
898361
492630
560012
510574
324237
755737
432447
13790
803441
110278
5529
667477
130677
48630
98508
728773
240423
125829
227188
50345
16250
621091
818946
962018
594599
22420
383294
255501
775886
2097
51796
818194
840546
355446
728681
442034
717428
725143
875201
754783
90034
83934
727731
698966
175221
255296
772714
134839
128124
73695
866463
924319
503815
329930
39843
371895
201470
620785
558015
164860
572343
209781
835139
562203
56698
971954
27677
668097
529231
512858
837082
108105
600046
916365
877093
935034
771746
131893
52054
987837
383451
3879
405424
3124
454548
592405
28114
709378
917469
27830
473396
123699
185438
431577
633357
818442
27180
563643
871500
324522
460720
261276
855465
410714
359539
67488
792178
208285
664884
869906
493693
566420
479097
156078
450695
389928
142974
458862
245169
929069
369668
302654
204517
928413
251518
676927
6640
515899
222315
114471
65823
405173
243675
287093
765387
345618
554596
70508
305643
202169
88419
856012
371635
761306
137401
738835
714323
962191
369948
795979
623881
522465
327527
861154
384697
317549
105556
79071
765331
674912
884686
684557
582458
714336
852676
9331
143120
953679
918854
30597
585603
511369
86732
959111
243835
821393
133865
474780
528356
744866
913419
578524
306502
420039
461503
305471
524522
998153
561141
598057
126173
468117
345090
896318
198634
883973
349350
19147
4925
887835
68703
786372
187759
811154
1428
474424
857134
440868
414427
902777
63875
974765
890308
919160
56009
641716
513879
607803
91675
128261
642958
54663
470599
136736
876484
296075
884303
901020
238498
597262
294426
589306
526804
366655
784264
922474
111700
374012
428376
642426
985905
914713
645733
996623
867026
550508
764733
350145
708528
974943
264794
163931
750041
873643
271751
896821
48424
164075
20466
3861
335155
78265
430380
734790
568173
975728
402789
907605
773083
877668
953817
36709
242083
542224
88007
461744
818954
522792
809597
346972
423286
50715
119597
426917
562093
737542
940987
253881
960212
51949
864404
534057
953941
593969
955376
121683
280057
45353
750389
820565
220050
318565
737268
570539
519817
1292
851592
438430
280326
142372
716321
769360
448926
599356
967915
469205
952273
236554
510111
842505
968449
224923
665861
488376
913210
83911
853558
552925
489826
327047
571387
342287
415145
951817
11768
122413
874718
67689
600641
443687
988527
101168
672924
283026
495016
186356
520136
403198
482577
460631
429497
269380
880196
413514
866759
131816
35901
870642
254458
808422
380479
179549
833503
293723
463671
807691
559161
305067
768957
937442
156855
496851
667600
942972
34136
739352
311902
28467
524849
338954
456427
511968
270964
813419
537350
297047
230612
965776
967769
290358
184972
327845
465602
152845
917107
137152
109561
699201
987918
516874
34505
591073
649769
54712
572565
978336
782337
434811
165686
259395
605527
29024
887333
444267
174800
402873
688544
603187
669997
959221
318954
653330
205583
606149
489537
816202
915450
270052
478810
275847
960686
905486
51179
798947
788952
971559
403347
945541
715927
306013
684792
822736
644537
449644
791959
859605
350460
537599
171879
835262
269789
822033
114134
329051
171381
517392
655294
734923
737895
34091
156105
934086
397934
311585
545187
245399
466796
586927
15944
545585
878246
189304
130354
280243
359774
870074
152290
198641
964372
457808
634677
209719
140178
630603
478972
401597
166471
673303
957934
938616
762471
794324
139750
628985
440864
803651
136908
42633
474589
573234
462947
964939
887785
414206
375988
726730
730025
236508
844749
521658
718664
79546
680019
872496
247595
254525
638478
83375
835561
732799
82504
700215
751181
197747
921331
694797
580292
151993
385382
754294
261650
283808
666569
290862
250093
72076
930967
422106
535830
359437
905739
259469
383799
581401
629155
269531
907009
244612
112241
494352
596310
41336
563859
949184
635744
174833
470195
820319
586670
48246
191332
21266
17584
403631
313083
821253
689822
694636
816566
594056
498616
541478
708998
741581
646747
539174
326092
926418
940368
537615
826300
668300
680149
625
711049
865748
890504
165224
818266
297368
417401
331488
458351
816097
340119
465561
57894
43713
822023
607959
373945
639998
626409
223054
142090
479763
165556
804723
801623
870298
825621
870027
47101
261765
7407
842123
186470
717048
663366
770630
475259
313154
723362
145547
912793
474930
434211
223219
279611
626201
249454
167611
13151
859966
992371
723868
533758
495893
796265
134064
38954
399999
720636
960280
753692
308840
513473
414854
816489
97077
282729
889476
710577
566424
704454
747057
89156
856654
194460
585839
219836
465137
15079
15820
742259
672039
727804
432760
93000
980670
370851
96348
954129
893804
682202
934043
395751
267335
19529
949824
394845
151622
42392
891466
130350
126955
185170
981157
352896
809915
594633
462180
824968
947260
23392
589723
177913
214186
398375
702087
362360
402142
501886
628500
478340
120792
647141
750796
739068
667878
931043
187936
453320
982383
487691
301476
996954
383294
492166
770860
587390
397891
600379
858164
969180
109451
16523
833259
83367
65365
396882
25507
192685
673006
5599
334328
919540
244901
74715
589173
749095
280445
785517
177445
948296
579506
956835
940548
208935
822884
906
22307
713303
365283
112971
37412
610378
460754
798164
250301
651925
962314
866271
431131
928105
199483
628490
470719
804959
921147
108670
556945
315158
907084
278475
535212
711091
772572
701707
45005
595317
998741
362512
845775
781203
509887
753461
356117
158186
721393
15507
656556
19752
572602
412130
746198
398770
107442
115132
725317
867507
867502
938119
573184
951564
988964
911069
21235
224465
857923
650823
122121
429132
169506
195097
130185
162063
494822
529206
172946
445818
969009
776936
917003
933430
869970
540994
687481
692406
99464
248255
217800
931068
861086
430370
54894
680007
616087
90980
295608
38924
756799
401799
244118
764447
512752
149273
322745
240897
163711
797770
677298
424158
409236
536260
124283
817239
402122
287960
962279
816626
931449
189502
397777
314093
680360
192159
464967
874670
388169
438376
604502
41251
943311
27757
340374
564515
429406
321076
860454
746226
154035
7276
358172
241291
554700
540448
642832
553621
130250
436513
633367
432757
932425
53184
361596
468104
803741
280055
978178
309678
266430
187376
395789
73589
590741
909504
511472
699049
755772
864965
194862
448444
890461
600645
168534
749388
767881
333406
918799
742699
432673
308265
140620
245662
270416
847326
348859
652383
763135
924338
862474
890131
195485
715171
632913
287849
669456
185598
434748
919860
532486
436817
67907
804538
474405
325734
516024
912160
398781
670547
72212
325316
383895
663045
517592
692508
392471
304152
812931
483488
396495
705077
329256
857398
531434
697444
92967
867355
217972
392990
234072
433758
7000
880866
103995
548016
520059
179009
945257
218086
994148
399040
398946
541851
715219
895144
742391
69783
86675
573462
279597
680201
492394
58008
998682
4485
725749
141045
286562
726641
445506
888915
145822
548712
55967
494098
138246
590140
406104
255134
347270
230571
164011
29239
377791
123844
944488
448864
18633
831875
714512
717126
938180
490918
198382
848097
793501
206598
546193
486129
608778
90173
715667
774966
927296
997135
855186
905818
81424
742415
495813
521768
319315
915875
359227
178424
649089
214906
269857
388875
3980
503846
355958
374161
385637
664583
657288
480845
689832
103224
618475
371794
262887
790721
655248
233913
865725
320716
532013
917247
910820
652414
794180
806207
455242
559943
386273
176001
488282
513663
71015
720748
307170
706055
307224
897326
820853
191719
782048
179197
206826
366833
329378
175608
377932
7055
847637
721771
65773
762321
220577
246515
864103
684507
634991
566608
271848
546607
685682
521941
89868
158699
154308
544910
204361
441300
748837
657659
239704
844143
342689
90353
925709
637164
45893
835702
674093
221029
548487
507127
616335
311293
188271
136881
581106
385826
795913
979034
258665
853943
93109
979853
190282
705117
60536
951101
446826
675275
321926
217993
532252
901470
412046
777851
500683
606268
56864
8411
493827
119269
225080
423185
580560
434353
751448
619933
781991
330258
477829
125468
896029
792641
602636
838493
334641
756125
680527
15148
616757
129734
550431
828224
991849
521721
102546
924523
261590
617072
834771
539800
806851
144584
833099
310110
907352
452252
113587
386715
871786
565748
848965
710585
747878
412689
907612
81433
838519
446251
896353
824681
970958
723948
81652
93698
835822
272670
766352
607522
974121
987166
833995
152050
570505
63666
67132
945116
175389
56841
781114
795023
940293
533423
405341
29385
651702
972267
177165
296925
173405
494202
171150
357872
597786
334773
297520
449147
286646
464205
270561
137146
998708
280008
931040
941030
498595
153439
586838
997217
601151
473216
103953
321860
599155
977859
57174
383411
967244
325621
736497
182982
952019
805051
1337
504921
896788
639776
22609
97772
805356
34302
760121
324668
883666
11684
812316
106977
856682
669862
724996
406387
18510
686852
300764
697605
643735
623850
313593
816061
340818
919259
429179
872411
237148
638200
948735
34435
428259
541194
468486
213671
828628
567751
431034
284444
221620
841429
812528
620895
42916
806296
851761
430766
113326
1055
378403
707492
448085
172832
925073
110966
723310
235736
733653
937439
885573
282917
751402
963499
11004
577260
147172
13427
815871
906329
719855
686284
713176
674136
76171
348144
637249
868785
826858
779486
827283
911443
876391
626186
82925
4069
531319
437897
522345
815918
336977
807643
228237
165370
73690
590920
831967
608544
76899
342845
595425
447181
147669
189571
177780
363224
90079
128806
197601
168707
432126
667447
582846
733308
317487
854076
3748
897197
824154
694926
753650
729063
964876
538803
714428
986793
916879
587405
674175
777671
316336
630669
116913
981005
331067
275557
640825
916485
682342
970270
844176
857427
61736
360656
501628
139680
169301
46267
754745
430199
671958
814311
675024
145734
227439
873832
392169
377941
511851
58290
293555
680300
78231
692721
999806
488766
499807
294635
191895
869686
121283
137416
393010
593040
376931
819510
770482
244161
214038
299481
552781
526934
951445
227833
102194
888091
608582
843660
651395
620450
526980
581990
52666
452769
326876
270937
194674
560539
572111
911208
192257
859589
640085
695220
836506
656344
70592
689608
420320
578914
853674
56366
569476
855529
817023
455533
801955
853875
22579
130034
526056
160652
912009
286745
392779
527375
448464
453971
868024
593468
201475
953145
711673
165134
342238
813178
623623
503572
98193
814970
69642
329255
554862
523843
24763
720893
461927
941680
642147
302067
532148
878347
567381
166909
685066
797325
581444
212178
141979
558791
744613
485627
214119
375909
583120
134576
201031
190905
794042
612569
986931
465843
704196
238399
266515
106502
578876
957855
336892
884017
955630
891221
618340
700212
291019
56153
380784
949145
452001
20487
969706
375834
308332
699438
611672
21265
841295
217734
154524
975308
973098
147491
195865
61908
575130
96643
574461
458200
119182
643440
792019
837946
819474
125051
152083
633106
26213
824891
770716
339908
289692
182599
410463
139527
266096
816900
895672
624016
536843
653028
149226
197212
129261
587270
677055
174159
513308
293772
543102
226671
595688
779203
393369
45637
644560
616563
349757
199347
356811
244962
539373
389141
775877
197491
450459
265514
385640
789403
640918
826336
376001
305583
573487
378429
585296
14059
481172
513025
639572
78965
377930
704340
72584
274318
66244
13769
484800
547280
316116
243878
998427
660389
355521
120646
395867
582020
844790
408222
692894
478673
107607
157012
230612
122310
3750
12437
377704
718714
756486
459963
301893
282200
411996
142585
712687
28787
873343
901799
99773
461108
199427
908387
110864
866456
407976
722271
108848
621320
410153
943229
754832
82494
126718
636046
950717
80121
105990
654362
935993
690655
92491
845215
942582
727797
717546
62610
613073
549672
125893
428634
640800
844203
32565
454265
934251
634495
790205
646764
108785
489854
910347
144172
502095
646253
800535
628383
28297
947261
651659
996732
593677
883141
686395
301530
596411
333231
996444
534938
622396
687222
195343
359733
586740
959789
260448
285599
419164
174931
394233
587854
342457
67330
417309
596151
854145
779530
405420
438590
862570
654573
716258
493141
234259
29289
227374
61358
132973
77323
922946
642874
321740
628138
989075
952114
541898
671376
176958
488058
211954
417189
760414
249395
254863
584633
346759
68920
840570
99137
93658
497841
56081
891111
44770
367003
245170
994750
706631
794657
535189
748198
827467
962542
519980
239214
548554
743633
50574
555084
245159
585490
253876
435398
331741
935391
577823
691782
386478
912992
541583
988004
68543
894949
271428
805258
498162
623043
751413
724766
574997
39087
979716
398213
48284
618269
94984
765583
380331
510685
741101
88959
182339
272814
578944
36749
629267
55017
604463
812422
200498
433241
169754
745146
159016
890795
673433
875050
752696
904762
411179
265612
74674
948562
853815
465667
250627
322026
425122
380821
379588
604557
980117
658638
960214
895548
374510
269358
163773
417897
190683
923540
425658
862439
847980
619985
663985
207608
510652
620885
606279
629911
268464
68977
242697
221152
82126
464460
697606
254396
889552
909325
24625
487783
235675
759415
864951
692254
731503
755477
462263
447249
97635
120024
311719
305886
25692
318771
474480
622771
818820
879329
293904
829608
697585
309635
558510
184464
828416
135587
437717
26615
401489
392335
210072
815654
65286
778094
374689
512179
529397
574007
586236
217154
833163
959484
50053
917560
111132
653969
662576
822415
646656
145054
643621
263333
102958
95683
440280
678469
378091
651605
948030
75484
397177
824659
665823
245537
990014
428082
598757
259339
794997
686232
253519
194603
443595
797494
671573
239740
645359
630257
655449
626336
704723
75834
21024
229087
149442
103807
799105
997684
883836
614779
913339
987836
81198
727737
259497
939851
357896
59335
374117
800231
95258
951732
674434
187302
935752
587057
275343
793455
857350
969458
446299
430514
636188
948054
670170
748262
658462
712650
75003
901095
208948
254258
220541
493546
291129
361705
529080
559350
994007
387303
923351
466250
748141
303615
825493
395089
943037
461706
83174
494852
207865
450301
422688
126646
540961
700382
138550
780136
432420
197243
265662
593756
950165
792481
530377
936616
138161
814050
211853
768490
790833
13037
31626
390808
426136
623424
61347
259387
807982
115776
574414
858759
808789
49676
327865
172769
339444
830499
425592
396442
957688
877232
180793
202207
264516
359278
413921
123065
219580
727016
404515
538236
938147
93193
947162
40514
654511
573214
902755
24573
845783
446098
717144
140420
244491
603669
77829
214874
159369
60605
404080
322334
789172
842165
565425
401057
734929
886956
832336
77454
891195
758002
118379
127045
389846
573575
159348
271215
290664
177459
404998
462930
991108
274354
993262
717641
801520
641981
396786
463545
455025
102367
75941
935770
438194
903806
486712
729598
528461
97334
715296
286782
748585
738844
340803
116649
919459
786484
697277
960846
888191
829275
907275
251047
912972
252863
908096
219194
987854
436033
972879
491462
70211
868276
121463
614115
640938
801975
6015
623839
806622
556588
993731
110172
434606
346586
404453
826691
442309
420546
932588
126244
133048
546499
963074
539597
404222
453443
497029
624518
790538
995987
469197
363808
74631
805097
351006
614346
956696
735294
275904
590168
230737
296754
592145
435924
229877
455863
464060
311574
275195
489611
8047
375065
999543
610800
861455
237284
827619
981807
259058
875141
970012
920745
102597
672777
553023
351967
776452
18133
253315
989845
238399
711032
982913
332320
313519
493339
947744
99938
551589
146115
912027
268309
882921
272384
79928
965555
654114
576871
916855
997536
489558
622564
535045
475938
826012
226573
389334
230683
447806
752358
876077
847156
598823
509195
463902
635626
6053
910060
772552
37333
922637
950432
479899
83206
685460
416254
301419
290194
835533
341455
716309
271153
93937
857400
522748
109510
505523
186620
379738
383757
42724
328656
688963
988082
506628
279076
1493
44157
905490
543210
979914
971986
333987
817163
21777
667251
898705
938854
343080
747855
485193
425056
467849
246783
220485
450270
563774
736060
344079
662029
205775
580548
113266
446827
748290
312368
438255
215700
880366
123463
854881
710894
457165
586622
936759
676721
512554
115325
467827
976633
92807
48593
202674
67516
916223
503351
481215
350923
304924
475547
383984
655990
632378
696982
586553
142669
337684
442661
107175
733363
824942
543353
939212
40750
341070
560426
780864
353092
404321
243623
886850
684997
822855
740839
721204
56565
713914
596586
990591
735282
442721
278287
319732
609872
598696
893185
866804
105660
311058
818932
5481
357540
948708
151704
745211
748157
587210
611897
664286
651411
53953
520188
512774
923412
264558
113455
983588
584226
588246
203420
463344
989203
977124
322053
4424
212445
492939
122290
156114
143981
658222
914539
327812
112747
286290
19271
887401
77166
781611
205129
426284
906185
930123
293986
756699
336321
72781
353486
65573
551229
10471
96071
852698
952008
853108
277339
431403
897362
219256
819469
835636
948979
265864
505907
266157
36503
507849
706194
386479
277091
948964
336273
510486
8731
844686
75736
201654
597170
939150
475150
495059
8499
818349
385981
102359
965992
246476
897104
677754
64901
510843
315109
724287
494371
175270
810902
257962
704781
439277
649718
328886
416969
300175
611830
699028
715648
10291
877063
869332
580770
348650
400221
927523
366195
99172
530360
3505
181298
370532
468449
229894
185234
573430
746468
727180
11582
308107
194046
768532
866922
822962
865713
824092
436431
935336
673066
290179
821734
438222
916656
155664
512656
890259
262325
579390
946287
2074
313010
704964
575010
29791
695100
804680
179152
494304
528070
795510
313964
367272
403944
865876
590966
438805
39296
414473
777284
553584
636187
903797
891952
763448
567310
594442
525274
10501
558047
621904
83080
10078
880435
990075
963549
130836
586034
345298
670585
151844
337833
726154
848921
549235
932407
134549
765624
908574
759040
407209
149352
539146
484728
120218
344377
142965
364943
195117
28115
307372
762357
615160
595279
164693
52056
847991
923978
629646
600529
879460
179656
708946
257296
769831
58342
660434
548035
944894
527098
680447
285436
653444
685779
383842
37827
582742
759238
356302
361550
455697
920292
513516
55768
631767
527341
342009
909359
736802
254261
333991
788821
664894
380736
865440
6334
669741
309446
998164
258855
601211
786538
751711
725386
622100
446265
129422
739333
345458
603085
200250
831212
451858
912758
880555
263914
415711
310734
226628
287539
79649
802007
880383
844939
224899
739790
609747
965466
330534
900264
461602
12817
8277
593188
651504
649377
432629
638093
206836
124012
66197
973586
691839
128897
468657
654806
658901
8626
49552
912994
24411
667739
471463
25818
729565
268202
361388
473244
929291
651767
343702
916058
553520
123914
797475
464654
590050
982888
972294
438267
892293
236594
204755
513649
325248
963373
663441
390782
121855
767125
655208
191870
242281
430046
374679
730742
65931
729633
246090
69603
971363
513689
496425
276567
97706
921899
833055
468219
835279
822553
894764
259644
958431
334963
69885
605933
330800
519789
13293
968113
393770
755447
367371
866205
126439
749275
203123
61681
575307
8347
75019
55281
19119
834860
534929
898291
543510
280165
452209
444517
41193
559888
239555
764946
939461
917454
674944
338646
13650
772184
849151
174937
425357
878912
251820
861646
691475
576849
805982
12549
938089
831625
408322
423904
718008
128162
198267
302267
122817
632444
555705
60940
620279
764384
428041
151418
985016
207595
556006
14181
845494
811585
275444
796876
164777
31295
256248
865579
370374
19663
765114
591602
966328
661460
206552
427576
691162
551053
738646
607066
156244
862721
213650
357253
891990
367488
944874
24336
265122
404343
433023
322783
44316
603088
656996
257631
153075
650702
389019
464985
513883
314166
65801
121875
334817
544470
78138
33135
766437
14350
758522
703719
268992
537438
839399
832326
82534
24216
640172
929921
137658
889972
816604
656040
206346
885909
78132
254622
971735
956207
955280
522840
223665
239002
234821
369362
680380
965400
547462
282917
412043
670667
71500
849262
259130
653016
472021
815764
105351
502985
834058
687111
665404
278355
210860
144509
663589
12390
985663
78124
374010
703714
570579
114919
831037
184410
889803
968983
369090
535863
246853
224087
695789
741269
223204
255354
300204
680737
364355
540434
158954
186458
662330
492705
653901
392192
390679
411818
234882
997017
186927
609711
609055
83896
672540
770900
933732
188603
23110
913039
353851
101982
222481
669070
176356
1209
175582
794632
620757
830244
970816
345968
829562
719381
956380
164824
843285
574918
643410
676009
25005
376904
639553
406472
493623
126711
627867
634226
420203
438793
187975
633083
873934
150586
378542
762630
292021
484699
231139
399712
708809
314164
36634
26525
306706
409742
74670
996751
354785
7195
134026
291638
350701
823869
435462
897011
377604
102493
37648
350153
446530
215350
437834
138142
477991
907841
687239
678925
299842
396044
675038
452232
586194
361829
128386
358497
276129
106978
273422
752413
243297
666449
314253
751607
561680
68587
449149
845696
731460
205884
728154
567400
791731
541249
750442
839583
455066
396374
183040
321262
397048
726509
247155
107245
415646
995900
466144
139639
317282
277103
836918
806374
805136
308175
614373
256389
531524
488996
380592
959642
803850
730101
352859
149030
324100
239924
810659
302209
268352
70496
231934
698459
874826
655152
562815
629133
969987
812581
538817
150701
189059
852696
303670
136590
893876
958763
820986
316063
58477
58875
527962
44929
925585
516515
173532
243260
828062
47761
280048
283099
585879
246691
910560
459588
238271
692520
686690
467478
885889
130953
670255
570729
726756
369820
175223
678108
134540
991509
874632
665047
734355
440617
87491
624626
87155
861281
350708
356364
644600
426938
134221
675918
942844
504157
809966
858356
570410
642367
797588
774979
160942
142174
977221
309335
173346
19520
128933
370798
983994
801634
616229
837695
407293
667833
487043
559995
1727
3363
824742
801315
459391
786020
743313
370598
897666
852863
222286
412992
223906
237019
489631
464992
113110
700983
651297
863369
929238
549813
775302
223268
149227
636123
987393
528286
456638
574141
348110
525847
28826
446919
235140
56156
752144
904594
597809
200659
307399
580605
68382
360616
332281
371336
349994
644992
64299
957861
756983
588545
368372
461169
483300
879991
804802
247471
850191
580571
3459
356604
224985
678812
226598
601574
443209
375668
702641
968903
841509
64531
547739
556970
582333
698507
850558
715228
965539
805535
373133
707570
373299
869127
548807
362795
839279
850098
115800
468412
816265
109202
58216
648976
948448
936261
396405
891896
879633
417432
273081
345285
148085
396678
555689
403374
491628
315928
784450
695491
975365
472926
800811
516920
923816
319534
84558
110655
94215
62059
755067
788745
394624
992909
745427
104877
211642
530965
632953
92592
412760
618667
291135
65172
76186
334841
598408
662455
626808
251388
215959
443584
319107
690595
25997
570567
970845
949853
360107
59531
181967
605758
971781
565818
352514
933603
302819
338022
519060
325611
841349
823131
718661
163226
124159
43390
454635
549546
975576
269969
930808
800510
550443
260524
35330
264482
511442
607114
390889
694380
934069
282492
105368
982046
712872
220878
371855
712532
27312
349353
465805
324218
606431
388778
204671
877073
920409
371804
762584
143789
985172
641199
447431
662296
833005
91644
397411
294689
434548
242048
337470
692047
939790
698866
557331
696586
83879
71119
88012
840887
586756
123544
466446
903608
696391
727208
265312
322417
294767
627273
540797
47800
789458
881448
679941
884958
447313
156514
762556
348275
861653
58685
65329
871626
456490
980879
710217
339939
12904
936905
116035
799175
953196
860608
235074
890274
836162
716163
545132
194149
480721
334732
80476
475642
599748
996382
509192
501774
405844
501438
49314
523918
592062
731662
31587
844294
119292
593058
45419
670556
624954
704441
93609
878156
752209
958036
964314
718334
26714
877475
443631
628493
384031
230113
184798
198110
880949
974253
470232
736931
265022
73245
730638
763464
615388
685475
873558
611801
581068
639558
758992
568982
16226
591598
543193
545269
214944
930687
929880
867230
587736
146612
983927
294437
827013
306075
126735
488999
574640
510062
562893
82793
404546
783126
678500
507702
840511
191506
453059
945709
893852
270551
547576
223818
231394
164675
960049
961750
69833
927899
519221
288339
748210
627324
580709
896763
383201
689009
955140
888245
674639
653755
274922
110182
331029
996169
689973
898016
564895
792517
143887
987073
765791
195593
775505
410101
752212
907848
719566
203596
842078
65238
911243
509672
509872
961827
583141
900929
594431
534779
737203
285656
730379
668463
892957
478847
932925
225478
760362
635315
350671
676155
265475
385573
490557
490185
496269
705053
253282
780651
345897
504999
658522
848530
84818
510642
638851
159812
164549
173607
972376
769237
639690
339580
126994
835287
705587
328807
520142
426131
677077
429618
308722
752071
670126
1219
415678
877800
869052
396994
467812
218422
12822
717680
433156
646602
480512
893114
93440
391302
483765
96860
725333
25785
369117
337247
328570
657128
335736
568632
982881
315363
5184
961014
604712
902350
624320
867337
550854
85461
294677
243750
667026
620303
22974
136689
72911
519882
512548
977529
840662
820760
910132
712383
669429
468992
268355
506185
336386
785335
256485
75706
938902
901384
75353
257582
527495
549130
194136
223844
830682
224361
593929
156300
650671
766819
468731
641939
628754
298308
690490
463516
814954
885930
794980
700602
256944
601045
862083
782135
711478
659854
174225
545887
608778
999984
49432
463443
246100
15955
864799
564464
324060
26256
719828
39562
835038
898204
600093
625635
880890
350988
188366
285533
814440
854065
117077
450192
937540
862482
491146
621222
632235
574962
617126
480436
645465
76548
258151
723930
353471
934516
6527
60418
165333
563188
770113
341087
127979
246117
502251
768131
31260
678415
114615
576137
442300
804796
572278
695631
639769
749833
667925
9196
836951
202438
312399
696487
489500
131600
124229
570333
818009
305371
371165
303437
310925
976585
13971
46864
713256
220452
49866
506608
966381
985558
257756
913886
280351
904070
38423
863513
315595
671611
711903
724517
912682
674045
701556
729882
673718
116815
817028
429528
895347
308627
273295
362015
919016
930868
467146
60375
8646
820825
132484
429428
732742
3425
128087
433155
709700
734182
524394
412690
815602
328364
932328
135363
914606
338607
665761
122319
694489
485244
107476
119004
137594
542676
812911
427424
608331
796366
885552
951131
189371
788025
589199
982882
671811
891021
523824
795182
929704
917978
34010
758539
744483
580397
193744
356764
493627
108782
542882
233509
282352
423817
539418
618887
872671
455058
960892
848295
79949
841264
629255
510164
143217
579554
548952
955877
349137
127946
355624
789917
205879
771131
164093
722477
201895
826323
265676
868330
786911
115993
375702
101115
486821
486679
809989
852145
626397
58098
674229
351868
830086
590848
236843
919506
814680
449667
544918
398911
304802
16978
62974
205499
513885
394154
538000
352981
666879
678096
44331
899567
253644
513945
451004
401782
619409
660387
893643
630678
785758
666756
892555
95991
246936
891382
920334
709492
870135
874317
674157
783071
985132
960120
811593
377079
415848
368539
517183
647409
985441
944708
847233
467890
519816
852623
494693
795962
888078
971033
290032
794916
570980
285350
433173
628649
128751
833448
472994
325634
997443
491194
952531
994327
936502
999640
803783
236472
977010
700503
746780
537078
5783
513718
147694
991067
624919
124287
910452
214757
30777
869030
873120
601527
751289
357882
279465
692093
231843
832787
297657
314267
863490
486455
206828
909119
662753
33301
670232
829366
196404
33326
930716
479353
605304
756991
93796
361105
184321
136321
933430
219604
96566
679989
939925
252169
552703
31861
18850
946524
827424
494441
668602
681211
143973
512508
587897
518545
466448
569177
250586
665676
562493
914958
870769
860189
474660
143923
757511
664113
386498
513836
715000
788451
954533
155809
58077
32168
191665
823358
296807
318450
903861
722368
975991
556064
446964
774641
746233
122886
21411
959060
477123
408637
769932
84476
939594
332969
281075
479901
675219
657188
501938
551181
784293
33440
682343
434370
16740
793337
851354
320589
274364
546337
468368
680857
545628
833824
292792
465119
688133
461411
490381
376454
903583
59968
32545
695707
652940
270549
696491
286384
232268
951119
581429
109160
663026
323657
981667
778320
567472
833994
152380
386276
893558
220353
496390
439138
817160
541498
868681
628794
592226
778635
869476
120263
852403
530687
185616
619666
753888
904761
215983
569091
677669
410875
608945
836638
576990
276465
553917
709937
519768
639998
971177
815942
923961
50346
697383
287903
738576
600569
659859
485953
855616
320073
49071
530455
247533
106725
169607
264666
191728
272324
11236
229133
604677
994235
47981
527222
662289
871248
88202
832754
899390
789356
968646
493979
459668
232490
349395
48266
745266
40489
292991
167964
631186
898528
451456
505646
476514
23434
581436
763376
161398
720483
399142
250774
533103
805852
628226
872333
809610
579493
362159
951232
744200
470526
650459
901239
496394
420639
590730
55377
514645
255317
416468
436903
119714
494014
695141
637491
299389
447502
21579
753832
784197
246219
455312
102972
767215
19612
32341
213572
459122
92238
374762
568524
18503
156499
858426
864223
738868
880819
522995
88304
709052
116351
195257
161512
686709
685550
905371
679216
826220
40682
433244
765056
953390
792884
186322
625239
142026
980772
22790
763574
849441
85238
767990
686845
876402
252190
96319
893671
915734
273865
280346
535231
635359
462337
362586
560411
913908
449069
199219
87003
203101
186017
384783
438800
883840
734050
469846
36225
511365
576070
368890
983796
397726
303935
845378
463096
125866
564678
394762
937321
933969
937289
723057
307755
112536
115068
984551
702876
802340
351973
303309
410920
889108
206158
118854
641923
293412
430275
934165
6275
179909
485225
961788
528368
547872
869379
922197
764600
334974
36953
281452
803199
82873
791824
829572
550499
153993
316069
244565
47922
374659
993962
593337
679136
732461
376501
743602
568528
553169
744798
391
125936
504995
349179
532326
73258
120620
735925
314293
240884
457123
48772
467359
286369
657149
217247
83238
846265
197125
378634
91416
521336
405324
454851
58187
755910
229213
104595
690534
447780
347694
564813
191618
812515
746948
204142
472658
941596
836254
747752
942625
645613
794384
340128
462648
325649
122796
649082
86720
393789
747188
856858
163200
907254
203719
780129
253652
946406
779084
283567
569118
712010
8313
898526
538364
291050
6755
372919
223027
872999
6485
622869
763422
44129
296125
401936
449294
742551
583395
370018
40284
245804
23995
615657
418245
694528
509686
121406
748610
981165
142776
905638
58393
301793
921626
325807
874174
357885
717179
561835
226090
823953
39052
220935
548250
669834
788690
889790
10158
37591
194929
74293
781161
989717
525091
766941
699034
625234
20612
959524
152847
628311
568543
955247
131687
552243
651581
390318
146173
78575
512338
927489
185160
421132
448204
575289
492403
21422
232543
440352
198182
274697
362630
617585
761896
740196
380282
130421
162597
986289
713243
954151
502006
95258
690938
225518
49773
567292
338338
743078
521421
202332
895547
119973
993680
778971
574213
263520
79925
179160
148107
446031
178799
764335
348575
830748
430758
971152
409028
901798
707065
186174
282047
297583
9751
47334
141390
955412
559527
168010
870856
853660
974898
927836
377796
898707
415358
608690
932348
379524
162170
230751
785660
554137
880384
2860
649910
485991
576910
166930
403428
385384
462069
735691
769091
872401
188044
479109
429509
861276
993836
818862
510756
944943
297321
896380
243561
985335
606535
68397
231677
154673
909778
217896
499973
601667
873456
354082
235418
892408
102822
791811
588228
349608
402197
9509
264103
490036
60833
953669
134327
747086
916757
695064
916197
889299
304182
230725
988511
450359
299313
597081
435527
561322
544523
792043
991660
830522
410858
798838
757920
483603
868560
333225
17619
890004
97176
342251
588473
743447
786449
757061
807052
611176
158988
428607
292787
176392
431714
636144
172992
943343
999706
701614
199887
953641
526640
93489
925306
699132
370828
209091
980198
31644
482488
899841
843587
709924
175504
650011
166247
906553
87304
758938
689524
69203
720741
812698
907450
300265
596205
549724
601321
866873
414579
849435
368058
219476
37920
16954
390444
836439
578041
951295
166272
151305
450450
841558
442053
868721
389739
514832
26785
564126
598402
889429
865615
117684
593899
214307
639086
450618
197901
252944
367955
739580
260338
427558
417691
950371
538555
651224
76710
216288
315711
523312
379083
964367
299419
796863
912623
47746
982827
983706
89806
788719
36432
374063
999891
223117
650715
590585
802070
152573
896852
500681
735016
735636
501574
44273
25755
875290
915417
704337
949449
137963
667251
400900
79037
952687
167434
80321
891357
553514
60575
882336
659420
497047
36660
571575
969294
864773
182832
198031
219525
258127
370120
539813
971558
733293
997163
732321
976786
831914
972499
305273
730693
318203
703500
976053
475146
649842
363997
65983
872094
58554
404153
732058
536009
250708
115650
804144
706769
685519
478904
743923
886290
993514
340541
844244
866119
126892
79151
452652
716367
876384
198036
550639
233888
799583
130093
300133
351231
341316
996226
871128
131906
148369
998297
327228
472023
736339
866384
243025
662102
485602
958428
835081
124014
112461
555452
484724
268428
572834
919157
459581
696024
457902
292350
52755
735071
597480
205984
322677
411381
941196
959221
632947
706117
587418
172908
830618
131451
947318
467115
653789
682561
155177
217684
557452
237368
248663
327321
437135
873175
231497
761797
634988
196225
327702
79005
803701
766869
990188
122450
516209
787351
115114
628975
870991
410370
755661
815067
429251
253658
80978
742369
385369
314047
680272
919756
69817
184787
576969
696769
496009
312365
286458
785466
624937
61204
887044
367442
250566
24646
270842
532163
585032
733604
650949
356833
920218
744320
481324
234331
940058
800681
469610
372563
926584
453818
864834
813185
17065
229062
241176
618805
645867
727658
36267
952239
452874
230709
16522
627833
827183
849073
450288
318718
497365
474745
468424
757959
49465
156856
790782
495043
618314
673226
428899
674412
121048
186729
935997
60578
394116
679021
10757
122857
416178
571487
151719
26761
315681
286580
209806
194912
839616
832010
283738
297892
872211
169583
819998
692427
118266
429280
52412
505963
880331
463637
72300
609140
423557
895078
304496
844970
627757
990363
120111
241169
748298
649783
52956
715923
836964
753610
727266
428989
216746
599666
383051
265853
84742
737348
579413
989202
907385
270310
267970
345756
4975
927166
188668
258484
659303
100856
153955
818845
571476
415159
728833
662242
765004
259415
35848
377559
965257
978586
663293
506080
722432
917597
141700
27800
785112
695855
312251
817500
895674
60694
327556
6726
813270
496242
42137
452164
677155
717753
591619
434994
250412
931355
785140
956006
892478
261664
369174
129243
26069
431188
972899
323610
745196
694883
460250
150488
652735
540089
248342
217003
198313
845316
304183
439317
940412
555398
738415
638355
11394
357255
603864
235771
129657
129975
819770
13635
423357
117609
213215
675397
901485
449835
778869
982115
13395
441254
841581
987580
48319
552203
99169
932149
952711
155136
65693
176501
827111
992471
516092
269612
283109
500371
668525
220141
130709
630485
190975
282273
203800
507208
144342
451392
753506
107524
964704
497444
569979
948874
148182
313792
918203
428886
859517
887443
980988
450601
902690
984586
598453
588247
967803
239287
710649
494271
69264
454025
197511
235181
995967
778491
423828
896142
866168
755299
290389
384696
168369
361221
543075
692302
489829
316552
650083
864586
218631
909441
240958
87867
633942
470422
240344
695719
166182
140385
701142
713663
874602
861297
659108
53117
745245
687961
528919
679833
761920
738532
619007
221745
510407
558193
325678
98469
749754
615609
928584
591307
172618
612388
295792
544682
880666
24257
669406
916641
42884
733110
300575
859774
9842
561566
109948
366535
444136
808889
670923
769433
428437
171598
690547
794345
512621
730970
538370
747107
839232
820636
86574
138747
587725
625620
223088
568224
578153
205105
332158
633131
321993
975570
242758
15323
633631
748473
397203
313563
748077
649892
498468
166854
570531
341691
6743
321756
843512
105645
373176
667314
738972
36552
432924
494283
542280
786647
234204
782162
368430
820464
462803
150535
93301
342904
191656
557076
891621
373487
924466
844920
660047
277357
578099
892817
59164
142040
788905
520099
438556
731814
249530
233628
676207
604676
926854
70638
96977
522653
87341
444628
83297
922016
755312
252018
812586
623203
108092
236284
804357
161579
303127
95531
122764
573364
919232
593632
174145
813753
314040
904630
335621
122570
72458
319003
188486
142846
1814
342614
221297
430882
713266
57567
317881
62107
959100
291464
234487
670109
244734
894507
265108
261172
892364
916638
84485
545490
167423
711036
369379
737368
554860
711088
346427
502816
799843
359022
579925
922307
265906
26456
323880
114931
580731
212196
529031
445140
178824
501538
329099
169452
71007
580010
903961
679960
102679
84425
658799
750315
678059
239103
140003
486806
622147
639563
172787
252511
181563
870108
752551
3588
524871
80603
62917
975487
213792
465541
323548
278658
74299
704931
474544
675650
390923
628662
74684
669434
13484
788179
164219
887337
25626
797238
764398
789003
77835
173284
426310
652672
917528
838126
639141
405000
118080
237950
951780
144321
970104
824900
359330
110482
406187
332331
107926
271515
92095
285178
881509
420466
947781
680060
892686
676740
885561
446215
769977
683737
519664
717539
866785
145964
298471
598082
761904
136650
455477
508438
671599
625477
139253
337908
685334
739731
893704
562065
446368
513886
934221
66799
429467
410265
807877
900080
940575
539457
753087
549583
172762
663791
152039
794568
273872
45986
563451
151197
120425
91975
384105
210933
535688
323027
86604
53258
250234
915557
836740
387589
421526
411310
816125
458780
212565
260706
130614
231920
99535
166132
408755
575949
882563
284344
274033
114742
929999
906455
578920
276674
220357
84890
248982
297353
372374
350837
357082
765086
510965
953518
286649
847797
345409
185859
283218
866995
606998
91828
996473
300256
63535
759620
455333
94128
144521
505204
927432
612808
926485
236951
277241
334004
383982
489376
65919
756485
891350
236175
632694
826142
116808
336041
719960
694273
411855
467970
976271
171342
276610
305534
429484
381740
834438
724252
63126
728636
634302
351159
812808
888240
58871
621130
663838
781164
223486
737235
146642
853209
1847
37257
955760
230867
219873
698011
110252
580484
985838
502560
347490
920678
640648
206418
998837
166727
861575
287125
766764
22541
46311
81713
471628
555635
281578
277230
503653
239749
5727
305716
52651
862073
332897
682859
352172
464073
219152
897018
182481
476757
260979
999758
157865
899552
190164
919103
139857
800808
473341
360812
787420
76066
49528
767571
502621
67486
115590
967046
634764
935582
926177
14558
711309
885539
195530
888553
617263
180718
440674
897309
591359
798256
225667
372958
828575
650825
983797
463515
864892
267649
863843
605018
325200
236027
954742
788859
696219
164729
372974
33225
679741
32158
689572
333605
671013
496220
284505
510131
619929
940951
18844
149378
986718
615097
223587
271395
285994
294100
436526
548948
455855
440286
49552
128997
6909
640961
406754
329387
858077
997356
622920
725987
742513
466938
601612
220633
718971
763479
820235
42201
405135
704404
29946
622797
910116
98699
776070
437027
523605
433600
397972
630828
482249
698951
737862
686359
84331
717000
481189
145493
778716
823829
99668
992200
122972
635463
809304
812258
915654
76762
411898
566370
971119
221776
48762
58623
768842
444464
817779
157015
565356
571016
975148
88525
43959
763138
385228
166129
484352
780880
334538
124192
926080
992635
345507
376743
80823
144484
61618
495170
200455
383415
605206
591606
719063
984254
439356
42525
427904
358233
136003
401053
18502
462398
272138
877316
940939
165752
935265
507363
321454
611119
422477
553406
44531
324304
470026
570734
788539
889724
94412
996359
26667
395036
856228
59220
186516
257389
910293
200601
50953
450266
758021
223200
665942
326898
461232
995782
318293
478278
689710
689759
102471
372795
897405
200742
726143
836327
921542
122644
195441
703000
373211
256558
222074
119771
305428
306294
134853
117056
597502
147754
309209
43990
367
827648
846459
165401
776800
474298
609789
243423
319886
407244
622518
387934
198546
856631
230654
468293
335940
743706
888059
216706
493480
344403
23959
621869
433966
497785
915386
602806
720732
492115
135317
684870
234330
366366
957462
288651
816604
560563
39227
431438
771514
183803
501411
691992
827999
967835
719488
529635
497766
945842
912245
436119
904458
20372
124174
259676
886201
821172
670678
450259
347488
462908
22821
135722
687490
143227
867881
343136
851734
857601
578089
323332
225001
275583
468152
541114
439494
776954
423363
324004
662299
411349
166905
893405
509650
338592
586149
898935
951662
721701
677782
272770
720891
52019
815381
46333
357951
612330
949505
335233
676580
375400
997017
348262
4404
929256
330835
687015
247184
140814
515359
139343
346923
764064
109119
114596
348077
801174
455605
96719
557999
770495
45002
126799
472462
892225
715640
51228
347078
906696
755219
523350
238339
263309
734175
66763
387134
134780
238841
856400
917686
92144
415825
959731
351239
351218
207017
849329
721872
360194
885858
299627
67445
488144
693602
595014
429307
430787
405679
891119
517657
580844
102097
239511
86924
229492
664818
340159
333074
636860
948052
374075
49325
471738
575432
110392
738673
490812
549197
277827
493389
2895
163692
414022
541435
530809
105587
927676
494388
396283
953835
32889
68446
68792
273976
935667
838014
22775
151613
293059
437724
430627
788119
907518
540591
143070
133994
399954
477391
426002
658803
165053
131489
869558
618038
643822
357857
192298
671762
297701
675890
712926
635929
843433
231283
176261
807792
872819
795255
881461
271339
397444
732619
986157
494329
104785
897646
938123
125624
229165
310148
26277
136247
438875
856615
925865
238188
742986
796339
890401
326768
337908
403620
539796
868422
681708
137761
400635
61466
774308
932689
548911
192200
481833
991275
544676
350817
624019
776037
591044
775660
277768
842127
579160
279552
860584
442472
313275
684302
244747
770651
984308
386654
801082
714139
308
153379
728530
863937
327442
667584
308430
75563
207600
955184
620175
887722
153955
455157
69194
731479
226869
876950
922140
43438
909382
271157
462434
930387
566795
480924
764003
993184
136828
364211
895252
179904
46255
969237
873896
302028
520434
763017
878532
144397
464220
727810
686427
886554
339490
28753
119316
560670
919015
617314
894951
808616
586602
482764
941461
236147
215071
962692
863161
254868
127859
189857
104482
400174
209045
300748
191815
946652
696868
731149
313497
405369
514869
860542
909897
148305
866491
479514
42387
51171
295258
969858
738108
39361
168015
62053
526374
803337
627240
49422
578433
21265
150652
223864
638296
327787
19803
144371
535199
783904
757035
479085
377340
511078
5420
668448
34224
357122
490742
355305
99895
112401
691537
959487
535221
828925
43881
122614
417692
228479
455083
790079
465119
443861
313131
95664
586926
785557
536946
154228
157048
749741
595286
926367
616704
649834
36303
12551
967261
106247
720950
385023
503619
697844
822885
284264
886027
536500
627072
184745
840373
361967
238159
357280
844002
82768
912483
210682
180805
665747
848728
815432
370586
161989
683071
344847
678271
208698
981045
695604
625326
2740
190253
31109
573163
873392
885862
747825
400497
504085
351943
52475
96901
139861
711043
140366
504567
890283
608011
647174
380588
937897
145956
434457
683955
203763
893912
847800
98179
662854
805984
813103
219191
591239
132422
883533
182478
311561
287331
175893
458158
403998
639321
82417
684790
466071
775487
434188
183225
624431
660441
663974
637883
125947
420978
894750
761735
113783
107320
369062
775147
142576
208680
250107
109737
936905
945690
573540
723892
305363
964569
11911
989296
117460
708376
900305
384504
244508
509486
34216
730881
742282
716785
970763
141100
770834
611833
956990
480805
201779
291444
69771
355805
353237
807579
914592
960728
301774
539571
239079
355202
985128
47478
167255
54718
792259
450976
48271
692909
262175
118393
481849
8422
584033
228267
697766
909021
320579
731166
704147
455085
451370
930460
699715
668122
230252
285981
22367
673727
688468
19289
332252
77584
943724
569672
185917
567729
854341
372979
85480
398451
579552
894460
845708
407832
592378
489431
137093
354992
980528
134398
34906
364851
473769
199156
803895
278375
529927
733207
457629
958049
500722
708543
684137
370293
612549
770843
834818
805245
980619
293309
555368
420534
931233
949495
395558
207514
562095
82596
664767
45467
899914
975797
715770
852364
283728
999766
533823
969912
344586
18823
546148
421998
547020
257592
238900
413840
716303
133346
387606
13869
23182
856025
340710
524857
815129
910490
618830
187101
591110
893107
184607
29826
238189
811053
848971
962353
657247
508784
871625
497611
70779
746716
739190
255279
866076
189741
321197
503174
580850
349107
376660
695075
82421
675397
619058
649812
559562
461393
796551
672240
693462
839992
327220
92108
406470
863266
515583
772069
566438
906542
110392
157370
611443
392774
92152
799068
997819
354595
12663
278711
952687
230630
978082
121241
588034
947079
95514
657074
432427
269348
845202
468529
725348
214433
86100
520801
604630
933148
965489
362631
939891
780405
797063
935485
296429
816813
318768
382612
401768
940539
498161
756169
145815
238463
56910
381511
306713
357496
523541
289093
731219
897606
593058
190213
481132
143005
421322
17386
184521
821585
647777
584330
64105
373155
557735
264787
842153
829378
977793
950944
7016
782587
968156
467771
857691
723949
702363
957705
727402
908102
672625
78120
117006
275412
131813
897012
920767
453065
109407
379251
39803
616197
220165
556580
748831
671073
477995
778180
938654
507424
949575
360118
893161
204133
550650
569628
279417
3951
363408
667976
392658
27846
104768
53508
759281
734104
25250
110799
271208
146103
210644
954310
155711
452818
543740
436398
757089
837928
315145
423581
341388
188642
77104
180023
29971
289712
151709
886857
27047
143559
331619
966452
115913
993065
546405
861432
285955
993959
272526
273903
490389
189696
396212
656269
697111
759458
390967
171775
173912
622142
412771
292618
65891
873997
71043
721477
906346
774259
739273
737573
477339
739308
736492
938214
285524
14568
213790
63346
287827
348263
623817
240843
836761
579867
371357
5697
912570
981305
266150
782987
97598
760492
739118
193561
295709
884698
558819
200038
368522
143733
298975
938762
288161
789736
573421
557447
716446
594432
646592
329899
352705
740450
989234
889756
843387
27774
85650
720773
376336
691409
31345
780524
401098
732379
175743
37246
841654
966386
614234
510022
152411
804154
183851
511100
711780
236479
504145
548686
189847
776716
185898
957767
588569
641416
93004
866214
178728
609439
512692
475409
455170
613771
324135
704861
390825
939013
941340
50185
221464
539017
551532
678522
423676
309140
748423
595949
840427
91507
953639
639002
164492
898129
880865
965341
658452
431954
291656
174871
601779
648991
23799
813663
850323
923290
76206
272916
688281
134548
832696
958592
49533
636699
182921
699281
680283
94265
837598
185413
230514
76060
272491
877433
7
778854
16668
863139
105209
970348
366952
881644
302655
995106
397059
959270
490828
671147
481136
929541
45578
694570
202521
703225
232147
181592
145333
644309
491549
525682
665098
77867
460911
822802
639001
309667
673286
100887
32758
366138
218872
268136
542856
720345
783896
169558
976532
762918
599539
104544
943109
395560
718345
535270
77761
742368
985725
887920
631693
380105
949001
672008
773128
678269
207905
605569
748122
555306
26285
616299
859670
119760
913916
905172
780274
898096
676086
605229
94642
885076
381979
230600
973188
454589
593448
300238
514426
140000
98243
305077
560396
873499
516511
218842
233517
131559
603517
102996
989515
712772
826128
946818
328746
962784
994740
703847
616399
960028
399820
511844
657882
790624
95497
444815
929550
270531
14641
812142
628521
564950
306052
621349
330051
747715
684346
271842
930194
708069
112006
85188
775378
388151
606178
523896
398196
933942
838243
610104
69738
881178
608919
346518
918986
129536
902212
321825
887879
303384
480569
976708
886487
951025
628003
427356
754175
477928
640366
603741
326068
549893
296284
256475
661398
742728
634618
412156
773861
766542
712681
799480
105468
204558
724699
929928
830650
894396
822055
168903
508279
445840
658725
156881
823979
872585
832931
736753
796837
935037
989574
502965
114410
610364
353129
174517
856700
621106
143238
885337
160864
541599
613948
766683
286305
893034
452023
115682
645274
804407
807559
494396
116598
697630
985333
81838
271066
207412
946972
129303
794286
833008
92953
400921
465727
750923
332930
455886
263370
792521
580316
162299
939700
253369
68669
424572
878393
521492
295255
684790
488785
877629
204977
51905
510384
564240
422495
172750
240550
824320
713999
674795
216582
871951
836997
935471
537375
304556
405807
818793
663443
428610
905712
398993
500304
323811
922260
350053
715672
547099
537893
278286
908288
429617
493933
488412
366329
758810
291295
629620
442544
736654
267030
857483
826941
663829
348061
17478
793725
510958
980781
343231
641265
540671
608422
765938
653932
880780
241189
930200
964445
232658
451186
269258
801545
246280
314956
67255
796939
396654
995629
971419
193701
760020
130429
180619
983869
851475
363296
237472
666714
680189
252827
657816
446202
626173
691660
861943
994709
910776
195852
693856
678015
55173
258105
14443
462445
824431
411858
373471
192272
620391
259396
526289
867518
56784
385344
131905
175276
759097
489735
475297
318617
6226
390424
446909
354550
525986
148846
454628
606798
741035
490734
364733
231774
371120
569338
815776
875860
559956
547032
258065
357829
220051
144974
942167
540072
745894
358673
295722
712952
564891
400769
870967
874088
589147
232124
73238
883131
263563
482680
944069
116551
461831
917670
177246
127245
878418
182768
282846
620670
883529
