486
504
667
291
208
173
435
156
389
162
262
977
345
560
178
10
517
893
914
30
310
52
117
424
882
51
262
755
988
575
728
784
608
728
842
912
238
552
299
515
406
560
932
144
251
568
612
767
249
119
936
374
460
524
261
989
461
694
526
710
347
256
795
261
744
183
718
921
609
558
332
87
928
452
348
371
88
648
480
397
765
787
522
102
929
983
903
419
290
785
987
772
400
332
6
101
169
784
688
340
340
663
991
510
813
102
877
343
376
278
262
177
5
497
111
659
694
141
157
201
385
117
727
419
359
178
258
540
346
4
237
855
475
684
4
869
722
820
199
697
681
16
117
240
906
794
613
679
22
672
934
430
350
56
898
689
913
201
436
203
411
513
214
967
835
563
102
260
756
130
250
349
23
540
325
382
577
93
700
865
513
649
419
395
229
414
819
2
156
724
81
376
584
109
861
896
16
896
716
131
749
252
801
188
308
842
518
786
390
449
233
444
28
675
803
300
425
298
361
692
19
532
138
853
460
296
1000
324
77
330
21
361
343
746
25
404
41
522
714
480
824
427
295
393
226
896
169
38
555
618
516
625
474
64
210
293
170
48
90
426
164
108
573
200
386
863
398
681
513
125
850
825
9
293
749
801
480
871
689
976
909
761
453
758
11
417
436
21
880
660
543
288
805
594
477
635
844
703
763
575
927
641
155
921
413
44
404
393
712
232
205
599
588
361
960
981
258
662
453
784
350
955
495
348
976
154
717
374
901
731
711
101
760
609
296
96
78
564
7
984
724
514
682
636
653
782
691
596
101
804
290
358
519
757
94
67
663
815
843
674
520
848
434
108
862
346
438
108
319
791
203
532
56
868
458
607
448
868
49
32
490
164
79
41
342
706
362
745
433
327
341
981
344
102
324
100
64
641
693
933
319
234
681
997
763
863
879
888
765
659
670
663
37
837
372
766
337
891
719
673
574
615
818
940
295
379
288
372
516
192
899
966
317
20
543
741
506
436
543
402
175
68
818
6
702
343
932
620
576
27
483
136
538
347
694
849
120
38
172
382
125
29
25
317
444
86
166
671
701
160
459
141
464
50
882
250
755
368
72
573
3
304
354
463
478
423
68
220
507
596
304
800
827
589
966
288
151
790
935
677
807
466
88
78
900
563
718
789
499
268
558
233
126
182
137
842
198
296
227
821
361
964
176
52
518
339
612
398
805
62
996
731
186
867
204
755
333
169
19
161
658
836
609
75
811
848
377
400
748
548
396
694
471
367
144
107
75
267
209
406
36
132
440
978
687
106
11
137
178
518
157
74
953
182
772
743
998
501
529
521
671
976
662
369
254
699
447
480
331
750
485
692
829
762
986
516
438
883
935
603
864
437
264
647
399
936
452
766
853
810
501
96
862
284
159
921
363
884
348
719
19
254
813
311
944
129
464
559
423
415
321
44
453
110
750
954
71
904
433
204
318
797
359
329
683
854
202
810
173
136
77
190
569
896
436
382
502
961
325
101
184
159
10
114
639
746
784
621
144
777
201
829
28
834
161
562
60
333
138
293
412
469
769
102
912
115
405
17
442
816
588
441
695
997
596
413
198
468
684
516
890
253
628
224
813
240
466
210
378
737
910
451
415
553
668
201
741
913
147
273
775
289
684
112
229
273
947
426
524
515
896
508
409
853
582
929
729
509
850
81
120
121
658
45
791
315
401
256
629
358
27
477
138
322
346
577
796
951
586
662
262
601
332
803
546
64
54
952
129
979
313
569
753
288
169
753
109
852
111
513
116
429
731
598
33
660
702
820
744
82
224
565
519
837
212
134
828
888
786
959
240
641
103
522
872
943
540
61
999
289
917
525
986
451
976
372
142
963
39
226
173
175
237
325
913
22
665
512
371
863
410
860
891
791
891
485
312
274
8
76
424
906
411
481
587
893
862
949
907
121
31
70
928
152
952
698
56
318
388
629
966
760
132
346
647
544
8
710
62
11
578
345
54
779
853
246
892
646
942
496
592
448
599
750
729
586
696
96
379
717
861
969
115
923
770
439
815
801
136
73
566
294
93
26
781
10
832
416
895
889
173
408
894
543
637
758
993
825
819
432
540
981
664
438
63
148
867
246
393
22
259
176
53
246
875
917
948
89
380
672
305
125
677
294
871
899
578
240
569
898
501
124
334
209
147
531
401
645
234
960
454
117
802
308
551
98
541
364
338
610
128
71
707
225
685
366
166
25
270
424
514
716
695
469
243
264
765
198
455
957
878
528
441
324
975
344
575
329
670
411
